Balonne

Barcaldine
Barcoo
Blackall-Tambo
Boulia
Brisbane
Bulloo
Bundaberg
Burdekin

Carpentaria
Cassowary Coast
Central Highlands
Charters Towers
Cherbourg

3

Diamantina
Doomadgee
Douglas
Etheridge

Fraser Coast
Gladstone
Gold Coast
Goondiwindi

Hinchinbrook
Hope Vale

Kowanyama
Livingstone
Lockhart River
Lockyer Valley

i

cr

Maranoa

 

Regional Inequality in Australia
Submission 125 - Attachment 2

1,914,625
3,732,368
5,108,225
5,362,302
2,762,912
2,881,271
2,237,405

24,005,964
5,236,910
5,331,303
2,759,522
2,580,881
3,293,518
3,702,534
2,475,698
6,043,458
3,932,598

564,699
4,528,493
7,925,162
3,063,059
2,481,998
1,274,501
1,015,073
3,995,126
5,220,647
4,416,960
5,079,455

11,545,532
4,433,970
3,361,219
1,466,431

995,833
4,039,260
2,961,579
1,470,820
2,480,650
1,573,104
2,982,706
6,379,292

5,534,300

3,442,565

1,105,987

13,338,815

64,006
1,545,434
2,449,184
1,748,605
960,351
1,094,821
768,187
15,619,716
1,146,831
2,736,129
842,924
415,364
2,457,022
964,574
996,738
2,960,748
1,993,751
53,569
937,135
1,727,989
628,261
612,223
79,708
337,641
1,018,839
1,162,429
2,573,290
2,223,192
7,803,666
1,542,040
1,826,816
514,985
87,959
3,083,762
2,119,662
214,612
1,212,224
104,667
1,233,114
4,653,142
1,620,736
2,717,739
35,893

3,488,356

1,978,631
5,277,802
7,557,409
7,110,907
3,723,263
3,976,092
3,005,592

39,625,680
6,383,741
8,067,432
3,602,446
2,996,245
5,750,540
4,667,108
3,472,436
9,004,206
5,926,349

618,268
5,465,628
9,653,151
3,691,320
3,094,221
1,354,209
1,352,714
5,013,965
6,383,076
6,990,250
7,302,647

19,349,198
5,976,010
5,188,035
1,981,416
1,083,792
7,123,022
5,081,241
1,685,432
3,692,874
1,677,771
4,215,820

11,032,434

7,155,036

6,160,304

1,141,880

16,827,171

 

    
:
E

SEES EEH SHER ic
er

ri

North Burnett
Northern Peninsula Area
Palm Island

Pormpuraaw

Sunshine Coast
Tablelands

als

Torres Strait Island
Townsville
Western Downs

Woorabinda

Yarrabah

Regional Inequality in Australia
Submission 125 - Attachment 2

5,453,316
4,362,132
8,842,572
2,162,742
4,543,937
5,097,329
1,076,352
1,098,746
8,955,710
3,872,149
1,205,179
3,891,284
1,357,861
3,709,965
3,093,163
2,939,262
5,635,649
1,563,202
2,029,092
4,507,629
4,538,637
5,959,203
4,517,819
8,125,730
3,103,761
10,482,668
3,984,673
12,443,142
3,590,151
4,037,698
512,331
469,621
884,875

328,086,310

1,556,054
948,730
6,640,152
103,686
1,397,810
1,644,792
109,682
1,065,260
2,497,349
237,680
52,715
1,316,110
333,054
1,205,286
2,225,222
752,838
2,019,687
1,444,521
1,335,198
2,223,085
2,133,804
4,773,955
1,321,847
5,518,554
210,310
260,612
3,048,288
4,677,379
1,416,623
1,429,978
42,889
13,520
60,483
136,395,187

7,009,370
5,310,862
15,482,724
2,266,428
5,941,747
6,742,121
1,186,034
2,164,006
11,453,059
4,109,829
1,257,894
5,207,394
1,690,915
4,915,251
5,318,385
3,692,100
7,655,336
3,007,723
3,364,290
6,730,714
6,672,441
10,733,158
5,839,666
13,644,284
3,314,071
10,743,280
7,032,961
17,120,521
5,006,774
5,467,676
555,220
483,141
945,358
464,481,497
